TAC is:
01:x=a+b;
02:b=d/2;
03:if a<b goto 7;
04:if a>b goto 2;
05:a=m+2;
06:b=a;
07:j=m+p;
08:if a>m goto 6;
09:goto 10;
10:a=b;

Leaders are :  1  2  4  5  6  7  9  10

Block 1 : 1->1

Block 2 : 2->3

Block 3 : 4->4

Block 4 : 5->5

Block 5 : 6->6

Block 6 : 7->8

Block 7 : 9->9

Block 8 : 10->10

CFG:
 0 1 0 0 0 0 0 0
 0 0 1 0 0 1 0 0
 0 1 0 1 0 0 0 0
 0 0 0 0 1 0 0 0
 0 0 0 0 0 1 0 0
 0 0 0 0 1 0 1 0
 0 0 0 0 0 0 0 1
 0 0 0 0 0 0 0 0
Dominators:
 1 0 0 0 0 0 0 0
 1 1 0 0 0 0 0 0
 1 1 1 0 0 0 0 0
 1 1 1 1 0 0 0 0
 1 1 1 1 1 0 0 0
 1 1 0 0 0 1 0 0
 1 1 0 0 0 1 1 0
 1 1 0 0 0 1 1 1


GEN:
 1 0 0 0 0 0 0 0 0 0
 0 1 1 0 0 0 0 0 0 0
 0 0 0 1 0 0 0 0 0 0
 0 0 0 0 1 0 0 0 0 0
 0 0 0 0 0 1 0 0 0 0
 0 0 0 0 0 0 1 1 0 0
 0 0 0 0 0 0 0 0 1 0
 0 0 0 0 0 0 0 0 0 1


KILL:
 0 0 0 0 0 0 0 0 0 0
 0 0 0 1 0 1 0 1 0 0
 0 0 1 0 0 0 0 1 0 0
 0 0 0 0 0 0 0 0 0 1
 0 1 0 0 0 0 0 0 0 0
 0 0 1 1 0 0 0 0 0 0
 0 0 0 0 0 0 0 0 0 0
 0 0 0 0 1 0 0 0 0 0


IN:
 0 0 0 0 0 0 0 0 0 0
 1 0 0 0 0 0 0 0 0 0
 1 1 1 0 0 0 0 0 0 0
 1 1 0 1 0 0 0 0 0 0
 1 1 0 1 1 0 0 0 0 0
 1 0 0 1 1 1 0 0 0 0
 1 0 0 0 1 1 1 1 0 0
 1 0 0 0 1 1 1 1 1 0


OUT:
 1 0 0 0 0 0 0 0 0 0
 1 1 1 0 0 0 0 0 0 0
 1 1 0 1 0 0 0 0 0 0
 1 1 0 1 1 0 0 0 0 0
 1 0 0 1 1 1 0 0 0 0
 1 0 0 0 1 1 1 1 0 0
 1 0 0 0 1 1 1 1 1 0
 1 0 0 0 0 1 1 1 1 1